{
	"version": [  0,   1], 
	"id": "", 
	"meshes": [
		{
			"attributes": [
				"POSITION", "NORMAL", "TANGENT", "BINORMAL", "TEXCOORD0", "BLENDWEIGHT0", "BLENDWEIGHT1", "BLENDWEIGHT2", 
				"BLENDWEIGHT3"
			], 
			"vertices": [
				-47.348640, -17.665611,  91.351471, -0.180643, -0.980741,  0.074271, -0.983194,  0.182090,  0.013132, -0.026403, -0.070651, -0.997152,  0.325232,  0.342824,  0.000000,  1.000000,  0.000000,  0.000000,  0.000000,  0.000000,  0.000000,  0.000000, 
				-43.932205, -15.241138,  90.415085,  0.901817, -0.424990, -0.078162, -0.424048, -0.905172,  0.029106, -0.083120,  0.006896, -0.996516,  0.291145,  0.347914,  0.000000,  1.000000,  0.000000,  0.000000,  0.000000,  0.000000,  0.000000,  0.000000, 
				-41.756229, -12.333710,  101.738945,  0.848821, -0.519392, -0.098672, -0.519430, -0.854076,  0.027332, -0.098469,  0.028053, -0.994745,  0.295522,  0.260425,  0.000000,  0.724542,  1.000000,  0.275458,  0.000000,  0.000000,  0.000000,  0.000000, 
				-41.756229, -12.333710,  101.738945,  0.848821, -0.519392, -0.098672, -0.476451, -0.832410,  0.282999, -0.229123, -0.193203, -0.954032,  0.295522,  0.260425,  0.000000,  0.724542,  1.000000,  0.275458,  0.000000,  0.000000,  0.000000,  0.000000, 
				-45.451107, -13.263464,  103.420609, -0.168823, -0.900892,  0.399866, -0.972151,  0.219098,  0.083182, -0.162548, -0.374687, -0.912791,  0.325753,  0.256527,  0.000000,  0.735948,  1.000000,  0.264052,  0.000000,  0.000000,  0.000000,  0.000000, 
				-47.348640, -17.665611,  91.351471, -0.180643, -0.980741,  0.074271, -0.942205,  0.194220,  0.273000, -0.282167, -0.020663, -0.959143,  0.325232,  0.342824,  0.000000,  1.000000,  0.000000,  0.000000,  0.000000,  0.000000,  0.000000,  0.000000, 
				-43.932205, -15.241138,  90.415085,  0.901817, -0.424990, -0.078162, -0.420533, -0.904766,  0.067453, -0.099385, -0.027961, -0.994656,  0.461283,  0.328738,  0.000000,  1.000000,  0.000000,  0.000000,  0.000000,  0.000000,  0.000000,  0.000000, 
				-45.265064, -9.293859,  89.419525,  0.749374,  0.634657, -0.188809,  0.628938, -0.771410, -0.096769, -0.207064, -0.046233, -0.977234,  0.417607,  0.335620,  0.000000,  1.000000,  0.000000,  0.000000,  0.000000,  0.000000,  0.000000,  0.000000, 
				-41.812283, -8.358551,  100.145782,  0.680257,  0.554988, -0.478788,  0.518585, -0.826048, -0.220714, -0.517996, -0.098150, -0.849733,  0.414024,  0.256193,  0.000000,  0.611809,  1.000000,  0.388191,  0.000000,  0.000000,  0.000000,  0.000000, 
				-41.812283, -8.358551,  100.145782,  0.680257,  0.554988, -0.478788,  0.455285, -0.831856, -0.317382, -0.574426, -0.002083, -0.818553,  0.414024,  0.256193,  0.000000,  0.611809,  1.000000,  0.388191,  0.000000,  0.000000,  0.000000,  0.000000, 
				-41.756229, -12.333710,  101.738945,  0.848821, -0.519392, -0.098672, -0.511428, -0.853982,  0.095688, -0.133964, -0.030758, -0.990509,  0.442808,  0.245718,  0.000000,  0.724542,  1.000000,  0.275458,  0.000000,  0.000000,  0.000000,  0.000000, 
				-43.932205, -15.241138,  90.415085,  0.901817, -0.424990, -0.078162, -0.420025, -0.904613,  0.072481, -0.101510, -0.032535, -0.994302,  0.461283,  0.328738,  0.000000,  1.000000,  0.000000,  0.000000,  0.000000,  0.000000,  0.000000,  0.000000, 
				-45.265064, -9.293859,  89.419525,  0.749374,  0.634657, -0.188809,  0.629490, -0.771283, -0.094152, -0.205379, -0.048299, -0.977490,  0.417607,  0.335620,  0.000000,  1.000000,  0.000000,  0.000000,  0.000000,  0.000000,  0.000000,  0.000000, 
				-49.505253, -8.042727,  89.740860, -0.564443,  0.823890, -0.051081,  0.784415,  0.516068, -0.344046, -0.257094, -0.234263, -0.937562,  0.389447,  0.338946,  0.000000,  1.000000,  0.000000,  0.000000,  0.000000,  0.000000,  0.000000,  0.000000, 
				-45.541798, -6.831529,  100.842735, -0.394900,  0.899151, -0.188629,  0.876153,  0.306803, -0.371791, -0.276424, -0.312088, -0.908950,  0.385211,  0.260376,  0.000000,  0.500000,  1.000000,  0.500000,  0.000000,  0.000000,  0.000000,  0.000000, 
				-45.541798, -6.831529,  100.842735, -0.394900,  0.899151, -0.188629,  0.799449,  0.235141, -0.552802, -0.452698, -0.369101, -0.811683,  0.385211,  0.260376,  0.000000,  0.500000,  1.000000,  0.500000,  0.000000,  0.000000,  0.000000,  0.000000, 
				-41.812283, -8.358551,  100.145782,  0.680257,  0.554988, -0.478788,  0.601563, -0.795933, -0.067913, -0.418774, -0.241823, -0.875299,  0.414024,  0.256193,  0.000000,  0.611809,  1.000000,  0.388191,  0.000000,  0.000000,  0.000000,  0.000000, 
				-45.265064, -9.293859,  89.419525,  0.749374,  0.634657, -0.188809,  0.588299, -0.769019, -0.250027, -0.303879,  0.076287, -0.949651,  0.417607,  0.335620,  0.000000,  1.000000,  0.000000,  0.000000,  0.000000,  0.000000,  0.000000,  0.000000, 
				-50.792976, -13.216745,  90.934769, -0.980805, -0.193601,  0.023228, -0.194634,  0.964857, -0.176549,  0.011768, -0.177681, -0.984017,  0.357553,  0.339949,  0.000000,  1.000000,  0.000000,  0.000000,  0.000000,  0.000000,  0.000000,  0.000000, 
				-47.348640, -17.665611,  91.351471, -0.180643, -0.980741,  0.074271, -0.976992,  0.170221, -0.128495,  0.113377, -0.095774, -0.988926,  0.325232,  0.342824,  0.000000,  1.000000,  0.000000,  0.000000,  0.000000,  0.000000,  0.000000,  0.000000, 
				-45.451107, -13.263464,  103.420609, -0.168823, -0.900892,  0.399866, -0.958717,  0.244273,  0.145574, -0.228822, -0.358782, -0.904940,  0.325753,  0.256527,  0.000000,  0.735948,  1.000000,  0.264052,  0.000000,  0.000000,  0.000000,  0.000000, 
				-45.451107, -13.263464,  103.420609, -0.168823, -0.900892,  0.399866, -0.937579,  0.271925,  0.216800, -0.304047, -0.338305, -0.890565,  0.325753,  0.256527,  0.000000,  0.735948,  1.000000,  0.264052,  0.000000,  0.000000,  0.000000,  0.000000, 
				-47.790714, -9.862928,  102.866592, -0.956074,  0.091542,  0.278466, -0.010263,  0.938949, -0.343904, -0.292947, -0.331655, -0.896765,  0.355388,  0.256883,  0.000000,  0.551083,  1.000000,  0.448917,  0.000000,  0.000000,  0.000000,  0.000000, 
				-50.792976, -13.216745,  90.934769, -0.980805, -0.193601,  0.023228, -0.194933,  0.970668, -0.140726,  0.004698, -0.142553, -0.989776,  0.357553,  0.339949,  0.000000,  1.000000,  0.000000,  0.000000,  0.000000,  0.000000,  0.000000,  0.000000, 
				-46.816982, -16.400812,  84.330711, -0.189696, -0.781868, -0.593884, -0.974421,  0.075688,  0.211601, -0.120494,  0.618833, -0.776226,  0.333214,  0.391030,  0.000000,  1.000000,  0.000000,  0.000000,  0.000000,  0.000000,  0.000000,  0.000000, 
				-44.648193, -14.592886,  83.416084,  0.443760, -0.424008, -0.789490, -0.844974, -0.491414, -0.211025, -0.298490,  0.760743, -0.576346,  0.312151,  0.406556,  0.000000,  1.000000,  0.000000,  0.000000,  0.000000,  0.000000,  0.000000,  0.000000, 
				-43.932205, -15.241138,  90.415085,  0.901817, -0.424990, -0.078162, -0.420283, -0.820605, -0.387259,  0.100441,  0.382087, -0.918652,  0.291145,  0.347914,  0.000000,  1.000000,  0.000000,  0.000000,  0.000000,  0.000000,  0.000000,  0.000000, 
				-43.932205, -15.241138,  90.415085,  0.901817, -0.424990, -0.078162, -0.425605, -0.904860,  0.009450, -0.074742,  0.024744, -0.996896,  0.291145,  0.347914,  0.000000,  1.000000,  0.000000,  0.000000,  0.000000,  0.000000,  0.000000,  0.000000, 
				-47.348640, -17.665611,  91.351471, -0.180643, -0.980741,  0.074271, -0.983521,  0.180686, -0.006214, -0.007325, -0.074170, -0.997219,  0.325232,  0.342824,  0.000000,  1.000000,  0.000000,  0.000000,  0.000000,  0.000000,  0.000000,  0.000000, 
				-46.816982, -16.400812,  84.330711, -0.189696, -0.781868, -0.593884, -0.871858, -0.144028,  0.468103, -0.451530,  0.606580, -0.654356,  0.333214,  0.391030,  0.000000,  1.000000,  0.000000,  0.000000,  0.000000,  0.000000,  0.000000,  0.000000, 
				-44.648193, -14.592886,  83.416084,  0.443760, -0.424008, -0.789490, -0.039217, -0.889328,  0.455584, -0.895287, -0.171208, -0.411277,  0.454752,  0.381200,  0.000000,  1.000000,  0.000000,  0.000000,  0.000000,  0.000000,  0.000000,  0.000000, 
				-45.502941, -10.158014,  82.412193,  0.598050,  0.495061, -0.630278,  0.450242, -0.858120, -0.246803, -0.663037, -0.136177, -0.736096,  0.420487,  0.387960,  0.000000,  1.000000,  0.000000,  0.000000,  0.000000,  0.000000,  0.000000,  0.000000, 
				-45.265064, -9.293859,  89.419525,  0.749374,  0.634657, -0.188809,  0.631815, -0.770675, -0.082882, -0.198112, -0.057183, -0.978510,  0.417607,  0.335620,  0.000000,  1.000000,  0.000000,  0.000000,  0.000000,  0.000000,  0.000000,  0.000000, 
				-45.265064, -9.293859,  89.419525,  0.749374,  0.634657, -0.188809,  0.631288, -0.770824, -0.085471, -0.199783, -0.055143, -0.978287,  0.417607,  0.335620,  0.000000,  1.000000,  0.000000,  0.000000,  0.000000,  0.000000,  0.000000,  0.000000, 
				-43.932205, -15.241138,  90.415085,  0.901817, -0.424990, -0.078162, -0.419769, -0.904529,  0.074977, -0.102564, -0.034806, -0.994117,  0.461283,  0.328738,  0.000000,  1.000000,  0.000000,  0.000000,  0.000000,  0.000000,  0.000000,  0.000000, 
				-44.648193, -14.592886,  83.416084,  0.443760, -0.424008, -0.789490, -0.015560, -0.884497,  0.466287, -0.896011, -0.194635, -0.399102,  0.454752,  0.381200,  0.000000,  1.000000,  0.000000,  0.000000,  0.000000,  0.000000,  0.000000,  0.000000, 
				-45.265064, -9.293859,  89.419525,  0.749374,  0.634657, -0.188809,  0.652003, -0.756980,  0.043277, -0.115458, -0.155535, -0.981060,  0.417607,  0.335620,  0.000000,  1.000000,  0.000000,  0.000000,  0.000000,  0.000000,  0.000000,  0.000000, 
				-45.502941, -10.158014,  82.412193,  0.598050,  0.495061, -0.630278,  0.758364, -0.603953,  0.245202, -0.259268, -0.624624, -0.736631,  0.420487,  0.387960,  0.000000,  1.000000,  0.000000,  0.000000,  0.000000,  0.000000,  0.000000,  0.000000, 
				-48.199989, -9.225044,  82.706528, -0.486051,  0.486514, -0.725988,  0.813243, -0.052369, -0.579563, -0.319985, -0.872102, -0.370200,  0.398342,  0.387049,  0.000000,  1.000000,  0.000000,  0.000000,  0.000000,  0.000000,  0.000000,  0.000000, 
				-48.199989, -9.225044,  82.706528, -0.486051,  0.486514, -0.725988,  0.807132, -0.068629, -0.586368, -0.335101, -0.870973, -0.359324,  0.398342,  0.387049,  0.000000,  1.000000,  0.000000,  0.000000,  0.000000,  0.000000,  0.000000,  0.000000, 
				-49.505253, -8.042727,  89.740860, -0.564443,  0.823890, -0.051081,  0.788101,  0.519448, -0.330259, -0.245563, -0.226669, -0.942507,  0.389447,  0.338946,  0.000000,  1.000000,  0.000000,  0.000000,  0.000000,  0.000000,  0.000000,  0.000000, 
				-45.265064, -9.293859,  89.419525,  0.749374,  0.634657, -0.188809,  0.631366, -0.770803, -0.085094, -0.199540, -0.055440, -0.978320,  0.417607,  0.335620,  0.000000,  1.000000,  0.000000,  0.000000,  0.000000,  0.000000,  0.000000,  0.000000, 
				-49.505253, -8.042727,  89.740860, -0.564443,  0.823890, -0.051081,  0.774259,  0.506953, -0.378841, -0.286228, -0.253384, -0.924051,  0.389447,  0.338946,  0.000000,  1.000000,  0.000000,  0.000000,  0.000000,  0.000000,  0.000000,  0.000000, 
				-48.199989, -9.225044,  82.706528, -0.486051,  0.486514, -0.725988,  0.596808,  0.791628,  0.130937,  0.638415, -0.369634, -0.675127,  0.398342,  0.387049,  0.000000,  1.000000,  0.000000,  0.000000,  0.000000,  0.000000,  0.000000,  0.000000, 
				-49.012115, -13.083303,  83.892311, -0.649709, -0.283779, -0.705229,  0.092154,  0.891465, -0.443618,  0.754577, -0.353212, -0.553042,  0.365853,  0.387905,  0.000000,  1.000000,  0.000000,  0.000000,  0.000000,  0.000000,  0.000000,  0.000000, 
				-49.012115, -13.083303,  83.892311, -0.649709, -0.283779, -0.705229,  0.079834,  0.897108, -0.434539,  0.755979, -0.338625, -0.560204,  0.365853,  0.387905,  0.000000,  1.000000,  0.000000,  0.000000,  0.000000,  0.000000,  0.000000,  0.000000, 
				-50.792976, -13.216745,  90.934769, -0.980805, -0.193601,  0.023228, -0.192978,  0.946714, -0.257862,  0.027932, -0.257395, -0.965902,  0.357553,  0.339949,  0.000000,  1.000000,  0.000000,  0.000000,  0.000000,  0.000000,  0.000000,  0.000000, 
				-49.505253, -8.042727,  89.740860, -0.564443,  0.823890, -0.051081,  0.800637,  0.531348, -0.276856, -0.200957, -0.197167, -0.959553,  0.389447,  0.338946,  0.000000,  1.000000,  0.000000,  0.000000,  0.000000,  0.000000,  0.000000,  0.000000, 
				-50.792976, -13.216745,  90.934769, -0.980805, -0.193601,  0.023228, -0.193314,  0.949872, -0.245710,  0.025506, -0.245484, -0.969065,  0.357553,  0.339949,  0.000000,  1.000000,  0.000000,  0.000000,  0.000000,  0.000000,  0.000000,  0.000000, 
				-49.012115, -13.083303,  83.892311, -0.649709, -0.283779, -0.705229, -0.361076,  0.931581, -0.042211,  0.668956,  0.227216, -0.707722,  0.365853,  0.387905,  0.000000,  1.000000,  0.000000,  0.000000,  0.000000,  0.000000,  0.000000,  0.000000, 
				-46.816982, -16.400812,  84.330711, -0.189696, -0.781868, -0.593884, -0.654891,  0.551417, -0.516776,  0.731528,  0.290899, -0.616640,  0.333214,  0.391030,  0.000000,  1.000000,  0.000000,  0.000000,  0.000000,  0.000000,  0.000000,  0.000000, 
				-46.816982, -16.400812,  84.330711, -0.189696, -0.781868, -0.593884, -0.743021,  0.509712, -0.433720,  0.641822,  0.358993, -0.677635,  0.333214,  0.391030,  0.000000,  1.000000,  0.000000,  0.000000,  0.000000,  0.000000,  0.000000,  0.000000, 
				-47.348640, -17.665611,  91.351471, -0.180643, -0.980741,  0.074271, -0.976831,  0.170086, -0.129889,  0.114755, -0.096014, -0.988743,  0.325232,  0.342824,  0.000000,  1.000000,  0.000000,  0.000000,  0.000000,  0.000000,  0.000000,  0.000000, 
				-50.792976, -13.216745,  90.934769, -0.980805, -0.193601,  0.023228, -0.194683,  0.965602, -0.172370,  0.010942, -0.173583, -0.984758,  0.357553,  0.339949,  0.000000,  1.000000,  0.000000,  0.000000,  0.000000,  0.000000,  0.000000,  0.000000, 
				-29.851265,  2.237014,  126.426857,  0.827110, -0.526553, -0.196549,  0.339729,  0.189796,  0.921174, -0.447743, -0.828686,  0.335868,  0.711630,  0.763812,  2.000000,  0.597124,  1.000000,  0.402876,  0.000000,  0.000000,  0.000000,  0.000000, 
				-20.204058,  3.227947,  141.960648,  0.660978, -0.599057, -0.451927,  0.574866,  0.017139,  0.818068, -0.482324, -0.800522,  0.355706,  0.871731,  0.764646,  2.000000,  1.000000,  0.000000,  0.000000,  0.000000,  0.000000,  0.000000,  0.000000, 
				-25.549597,  0.889494,  144.187302, -0.383763, -0.920128,  0.078048,  0.466567, -0.120266,  0.876271, -0.796895,  0.372695,  0.475455,  0.862919,  0.819902,  2.000000,  1.000000,  0.000000,  0.000000,  0.000000,  0.000000,  0.000000,  0.000000, 
				-25.549597,  0.889494,  144.187302, -0.383763, -0.920128,  0.078048,  0.455879, -0.115276,  0.882545, -0.803057,  0.374269,  0.463706,  0.862919,  0.819902,  2.000000,  1.000000,  0.000000,  0.000000,  0.000000,  0.000000,  0.000000,  0.000000, 
				-34.008747,  0.560847,  128.022949, -0.090311, -0.905668,  0.414257,  0.559304,  0.298044,  0.773530, -0.824028,  0.301554,  0.479627,  0.704425,  0.809078,  2.000000,  0.629117,  1.000000,  0.370883,  0.000000,  0.000000,  0.000000,  0.000000, 
				-29.851265,  2.237014,  126.426857,  0.827110, -0.526553, -0.196549,  0.328011,  0.168256,  0.929569, -0.456397, -0.833326,  0.311881,  0.711630,  0.763812,  2.000000,  0.597124,  1.000000,  0.402876,  0.000000,  0.000000,  0.000000,  0.000000, 
				-29.882786,  7.130289,  126.439156,  0.681625,  0.592454, -0.429402,  0.510061,  0.036037,  0.859383,  0.524619, -0.804798, -0.277624,  0.721632,  0.722426,  2.000000,  0.512036,  1.000000,  0.487964,  0.000000,  0.000000,  0.000000,  0.000000, 
				-20.244577,  10.054646,  141.977554,  0.584681,  0.600543, -0.545432,  0.604180,  0.126345,  0.786768,  0.541401, -0.789547, -0.288964,  0.868505,  0.705027,  2.000000,  1.000000,  0.000000,  0.000000,  0.000000,  0.000000,  0.000000,  0.000000, 
				-20.204058,  3.227947,  141.960648,  0.660978, -0.599057, -0.451927,  0.571560,  0.011672,  0.820478, -0.486238, -0.800621,  0.350112,  0.871731,  0.764646,  2.000000,  1.000000,  0.000000,  0.000000,  0.000000,  0.000000,  0.000000,  0.000000, 
				-20.204058,  3.227947,  141.960648,  0.660978, -0.599057, -0.451927,  0.574851,  0.017113,  0.818079, -0.482342, -0.800523,  0.355680,  0.871731,  0.764646,  2.000000,  1.000000,  0.000000,  0.000000,  0.000000,  0.000000,  0.000000,  0.000000, 
				-29.851265,  2.237014,  126.426857,  0.827110, -0.526553, -0.196549,  0.339847,  0.190014,  0.921085, -0.447653, -0.828636,  0.336110,  0.711630,  0.763812,  2.000000,  0.597124,  1.000000,  0.402876,  0.000000,  0.000000,  0.000000,  0.000000, 
				-29.882786,  7.130289,  126.439156,  0.681625,  0.592454, -0.429402,  0.506361,  0.041693,  0.861313,  0.528192, -0.804525, -0.271576,  0.721632,  0.722426,  2.000000,  0.512036,  1.000000,  0.487964,  0.000000,  0.000000,  0.000000,  0.000000, 
				-29.882786,  7.130289,  126.439156,  0.681625,  0.592454, -0.429402,  0.348528,  0.253115,  0.902475,  0.643363, -0.764808, -0.033957,  0.710206,  0.939075,  2.000000,  0.512036,  1.000000,  0.487964,  0.000000,  0.000000,  0.000000,  0.000000, 
				-34.059757,  8.478331,  128.042542, -0.370584,  0.928654,  0.016391,  0.362647,  0.128424,  0.923035,  0.855075,  0.348006, -0.384366,  0.713184,  0.900144,  2.000000,  0.563681,  1.000000,  0.436319,  0.000000,  0.000000,  0.000000,  0.000000, 
				-25.615168,  11.935322,  144.214645, -0.490543,  0.869677, -0.055040,  0.315876,  0.236325,  0.918898,  0.812151,  0.433373, -0.390638,  0.854887,  0.923257,  2.000000,  1.000000,  0.000000,  0.000000,  0.000000,  0.000000,  0.000000,  0.000000, 
				-25.615168,  11.935322,  144.214645, -0.490543,  0.869677, -0.055040,  0.318972,  0.237977,  0.917400,  0.810940,  0.432468, -0.394141,  0.854887,  0.923257,  2.000000,  1.000000,  0.000000,  0.000000,  0.000000,  0.000000,  0.000000,  0.000000, 
				-20.244577,  10.054646,  141.977554,  0.584681,  0.600543, -0.545432,  0.434929,  0.335502,  0.835628,  0.684824, -0.725800, -0.065032,  0.844950,  0.970947,  2.000000,  1.000000,  0.000000,  0.000000,  0.000000,  0.000000,  0.000000,  0.000000, 
				-29.882786,  7.130289,  126.439156,  0.681625,  0.592454, -0.429402,  0.352527,  0.248349,  0.902246,  0.641181, -0.766369, -0.039575,  0.710206,  0.939075,  2.000000,  0.512036,  1.000000,  0.487964,  0.000000,  0.000000,  0.000000,  0.000000, 
				-34.059757,  8.478331,  128.042542, -0.370584,  0.928654,  0.016391,  0.336704,  0.117874,  0.934203,  0.865620,  0.351720, -0.356364,  0.713184,  0.900144,  2.000000,  0.563681,  1.000000,  0.436319,  0.000000,  0.000000,  0.000000,  0.000000, 
				-36.609730,  4.418192,  129.021210, -0.837587, -0.001002,  0.546303,  0.546148,  0.022333,  0.837391, -0.013040,  0.999750, -0.018159,  0.707885,  0.856076,  2.000000,  0.677958,  1.000000,  0.322042,  0.000000,  0.000000,  0.000000,  0.000000, 
				-28.893850,  6.270947,  145.580246, -0.936702, -0.017100,  0.349710,  0.349341,  0.021285,  0.936754, -0.023462,  0.999627, -0.013964,  0.857953,  0.871889,  2.000000,  1.000000,  0.000000,  0.000000,  0.000000,  0.000000,  0.000000,  0.000000, 
				-28.893850,  6.270947,  145.580246, -0.936702, -0.017100,  0.349710,  0.348545,  0.049312,  0.935994, -0.033251,  0.998637, -0.040231,  0.857953,  0.871889,  2.000000,  1.000000,  0.000000,  0.000000,  0.000000,  0.000000,  0.000000,  0.000000, 
				-25.615168,  11.935322,  144.214645, -0.490543,  0.869677, -0.055040,  0.292832,  0.224002,  0.929555,  0.820742,  0.439869, -0.364552,  0.854887,  0.923257,  2.000000,  1.000000,  0.000000,  0.000000,  0.000000,  0.000000,  0.000000,  0.000000, 
				-34.059757,  8.478331,  128.042542, -0.370584,  0.928654,  0.016391,  0.354298,  0.125027,  0.926737,  0.858569,  0.349241, -0.375353,  0.713184,  0.900144,  2.000000,  0.563681,  1.000000,  0.436319,  0.000000,  0.000000,  0.000000,  0.000000, 
				-34.008747,  0.560847,  128.022949, -0.090311, -0.905668,  0.414257,  0.567407,  0.295054,  0.768760, -0.818470,  0.304480,  0.487236,  0.704425,  0.809078,  2.000000,  0.629117,  1.000000,  0.370883,  0.000000,  0.000000,  0.000000,  0.000000, 
				-25.549597,  0.889494,  144.187302, -0.383763, -0.920128,  0.078048,  0.468462, -0.121153,  0.875137, -0.795783,  0.372408,  0.477539,  0.862919,  0.819902,  2.000000,  1.000000,  0.000000,  0.000000,  0.000000,  0.000000,  0.000000,  0.000000, 
				-28.893850,  6.270947,  145.580246, -0.936702, -0.017100,  0.349710,  0.350128, -0.046607,  0.935542,  0.000301,  0.998767,  0.049644,  0.857953,  0.871889,  2.000000,  1.000000,  0.000000,  0.000000,  0.000000,  0.000000,  0.000000,  0.000000, 
				-28.893850,  6.270947,  145.580246, -0.936702, -0.017100,  0.349710,  0.349169,  0.028234,  0.936634, -0.025890,  0.999455, -0.020476,  0.857953,  0.871889,  2.000000,  1.000000,  0.000000,  0.000000,  0.000000,  0.000000,  0.000000,  0.000000, 
				-36.609730,  4.418192,  129.021210, -0.837587, -0.001002,  0.546303,  0.546025,  0.030431,  0.837216, -0.017463,  0.999536, -0.024941,  0.707885,  0.856076,  2.000000,  0.677958,  1.000000,  0.322042,  0.000000,  0.000000,  0.000000,  0.000000, 
				-34.008747,  0.560847,  128.022949, -0.090311, -0.905668,  0.414257,  0.517786,  0.312620,  0.796346, -0.850730,  0.286415,  0.440709,  0.704425,  0.809078,  2.000000,  0.629117,  1.000000,  0.370883,  0.000000,  0.000000,  0.000000,  0.000000, 
				-25.549597,  0.889494,  144.187302, -0.383763, -0.920128,  0.078048,  0.658440, -0.213398,  0.721747, -0.647444,  0.328370,  0.687743,  0.862919,  0.819902,  2.000000,  1.000000,  0.000000,  0.000000,  0.000000,  0.000000,  0.000000,  0.000000, 
				-20.204058,  3.227947,  141.960648,  0.660978, -0.599057, -0.451927,  0.443733, -0.173648,  0.879174, -0.605152, -0.781650,  0.151044,  0.871731,  0.764646,  2.000000,  1.000000,  0.000000,  0.000000,  0.000000,  0.000000,  0.000000,  0.000000, 
				-16.280340, -0.664577,  149.582947, -0.447729, -0.893023, -0.045262,  0.599911, -0.337538,  0.725379, -0.663058,  0.297620,  0.686860,  0.961828,  0.783267,  3.000000,  0.556388,  2.000000,  0.443612,  0.000000,  0.000000,  0.000000,  0.000000, 
				-16.280340, -0.664577,  149.582947, -0.447729, -0.893023, -0.045262,  0.444306, -0.266116,  0.855438, -0.775971,  0.362894,  0.515923,  0.961828,  0.783267,  3.000000,  0.556388,  2.000000,  0.443612,  0.000000,  0.000000,  0.000000,  0.000000, 
				-23.092909,  0.150832,  152.420227, -0.431803, -0.858959,  0.275200,  0.563678, -0.018794,  0.825781, -0.704140,  0.511699,  0.492291,  0.930051,  0.835175,  2.000000,  0.750000,  3.000000,  0.250000,  0.000000,  0.000000,  0.000000,  0.000000, 
				-25.549597,  0.889494,  144.187302, -0.383763, -0.920128,  0.078048,  0.502956, -0.137389,  0.853323, -0.774443,  0.366728,  0.515509,  0.862919,  0.819902,  2.000000,  1.000000,  0.000000,  0.000000,  0.000000,  0.000000,  0.000000,  0.000000, 
				-20.244577,  10.054646,  141.977554,  0.584681,  0.600543, -0.545432,  0.679613,  0.004576,  0.733556,  0.443028, -0.799579, -0.405462,  0.868505,  0.705027,  2.000000,  1.000000,  0.000000,  0.000000,  0.000000,  0.000000,  0.000000,  0.000000, 
				-16.331993,  15.626881,  149.604446, -0.382985,  0.919104, -0.092579,  0.316461,  0.224699,  0.921609,  0.867857,  0.323665, -0.376916,  0.934497,  0.642222,  3.000000,  0.869235,  2.000000,  0.130765,  0.000000,  0.000000,  0.000000,  0.000000, 
				-16.280340, -0.664577,  149.582947, -0.447729, -0.893023, -0.045262,  0.420452, -0.254933,  0.870764, -0.789151,  0.370836,  0.489614,  0.961828,  0.783267,  3.000000,  0.556388,  2.000000,  0.443612,  0.000000,  0.000000,  0.000000,  0.000000, 
				-16.280340, -0.664577,  149.582947, -0.447729, -0.893023, -0.045262,  0.420871, -0.255130,  0.870504, -0.788928,  0.370700,  0.490076,  0.961828,  0.783267,  3.000000,  0.556388,  2.000000,  0.443612,  0.000000,  0.000000,  0.000000,  0.000000, 
				-20.204058,  3.227947,  141.960648,  0.660978, -0.599057, -0.451927,  0.432503, -0.188027,  0.881809, -0.613228, -0.778316,  0.134812,  0.871731,  0.764646,  2.000000,  1.000000,  0.000000,  0.000000,  0.000000,  0.000000,  0.000000,  0.000000, 
				-20.244577,  10.054646,  141.977554,  0.584681,  0.600543, -0.545432,  0.682156, -0.000033,  0.731207,  0.439103, -0.799592, -0.409684,  0.868505,  0.705027,  2.000000,  1.000000,  0.000000,  0.000000,  0.000000,  0.000000,  0.000000,  0.000000, 
				-25.615168,  11.935322,  144.214645, -0.490543,  0.869677, -0.055040,  0.189356,  0.168033,  0.967424,  0.850595,  0.464141, -0.247106,  0.854887,  0.923257,  2.000000,  1.000000,  0.000000,  0.000000,  0.000000,  0.000000,  0.000000,  0.000000, 
				-23.176468,  14.228062,  152.455246, -0.508330,  0.827038,  0.240019,  0.349058, -0.056915,  0.935371,  0.787248,  0.559258, -0.259752,  0.914918,  0.931381,  2.000000,  0.750000,  3.000000,  0.250000,  0.000000,  0.000000,  0.000000,  0.000000, 
				-16.331993,  15.626881,  149.604446, -0.382985,  0.919104, -0.092579,  0.178368,  0.171913,  0.968830,  0.906371,  0.354534, -0.229779,  0.920299,  0.984270,  3.000000,  0.869235,  2.000000,  0.130765,  0.000000,  0.000000,  0.000000,  0.000000, 
				-16.331993,  15.626881,  149.604446, -0.382985,  0.919104, -0.092579,  0.399801,  0.255269,  0.880339,  0.832756,  0.300143, -0.465223,  0.920299,  0.984270,  3.000000,  0.869235,  2.000000,  0.130765,  0.000000,  0.000000,  0.000000,  0.000000, 
				-20.244577,  10.054646,  141.977554,  0.584681,  0.600543, -0.545432,  0.197453,  0.546764,  0.813671,  0.786867, -0.583435,  0.201104,  0.844950,  0.970947,  2.000000,  1.000000,  0.000000,  0.000000,  0.000000,  0.000000,  0.000000,  0.000000, 
				-25.615168,  11.935322,  144.214645, -0.490543,  0.869677, -0.055040,  0.426050,  0.294453,  0.855440,  0.760164,  0.396181, -0.514968,  0.854887,  0.923257,  2.000000,  1.000000,  0.000000,  0.000000,  0.000000,  0.000000,  0.000000,  0.000000, 
				-25.615168,  11.935322,  144.214645, -0.490543,  0.869677, -0.055040,  0.171193,  0.158107,  0.972468,  0.854436,  0.467615, -0.226441,  0.854887,  0.923257,  2.000000,  1.000000,  0.000000,  0.000000,  0.000000,  0.000000,  0.000000,  0.000000, 
				-28.893850,  6.270947,  145.580246, -0.936702, -0.017100,  0.349710,  0.350125, -0.049725,  0.935382,  0.001394,  0.998617,  0.052564,  0.857953,  0.871889,  2.000000,  1.000000,  0.000000,  0.000000,  0.000000,  0.000000,  0.000000,  0.000000, 
				-25.572231,  7.009162,  154.200592, -0.843582, -0.017783,  0.536705,  0.536894, -0.047769,  0.842296,  0.010659,  0.998700,  0.049844,  0.916079,  0.882871,  2.000000,  0.750000,  3.000000,  0.250000,  0.000000,  0.000000,  0.000000,  0.000000, 
				-25.572231,  7.009162,  154.200592, -0.843582, -0.017783,  0.536705,  0.529803,  0.135517,  0.837224, -0.087621,  0.990615, -0.104899,  0.916079,  0.882871,  2.000000,  0.750000,  3.000000,  0.250000,  0.000000,  0.000000,  0.000000,  0.000000, 
				-23.176468,  14.228062,  152.455246, -0.508330,  0.827038,  0.240019,  0.348481, -0.057324,  0.935561,  0.787504,  0.559216, -0.259067,  0.914918,  0.931381,  2.000000,  0.750000,  3.000000,  0.250000,  0.000000,  0.000000,  0.000000,  0.000000, 
				-25.615168,  11.935322,  144.214645, -0.490543,  0.869677, -0.055040,  0.201634,  0.174726,  0.963750,  0.847768,  0.461663, -0.261067,  0.854887,  0.923257,  2.000000,  1.000000,  0.000000,  0.000000,  0.000000,  0.000000,  0.000000,  0.000000, 
				-28.893850,  6.270947,  145.580246, -0.936702, -0.017100,  0.349710,  0.341647, -0.263141,  0.902238,  0.076595,  0.964606,  0.252327,  0.857953,  0.871889,  2.000000,  1.000000,  0.000000,  0.000000,  0.000000,  0.000000,  0.000000,  0.000000, 
				-25.549597,  0.889494,  144.187302, -0.383763, -0.920128,  0.078048,  0.456075, -0.115367,  0.882432, -0.802946,  0.374240,  0.463921,  0.862919,  0.819902,  2.000000,  1.000000,  0.000000,  0.000000,  0.000000,  0.000000,  0.000000,  0.000000, 
				-23.092909,  0.150832,  152.420227, -0.431803, -0.858959,  0.275200,  0.543194, -0.004070,  0.839597, -0.720060,  0.512028,  0.468339,  0.930051,  0.835175,  2.000000,  0.750000,  3.000000,  0.250000,  0.000000,  0.000000,  0.000000,  0.000000, 
				-23.092909,  0.150832,  152.420227, -0.431803, -0.858959,  0.275200,  0.493166,  0.030627,  0.869396, -0.755204,  0.511127,  0.410385,  0.930051,  0.835175,  2.000000,  0.750000,  3.000000,  0.250000,  0.000000,  0.000000,  0.000000,  0.000000, 
				-25.572231,  7.009162,  154.200592, -0.843582, -0.017783,  0.536705,  0.535940, -0.090643,  0.839376,  0.033722,  0.995724,  0.085995,  0.916079,  0.882871,  2.000000,  0.750000,  3.000000,  0.250000,  0.000000,  0.000000,  0.000000,  0.000000, 
				-28.893850,  6.270947,  145.580246, -0.936702, -0.017100,  0.349710,  0.349720, -0.093905,  0.932136,  0.016900,  0.995434,  0.093941,  0.857953,  0.871889,  2.000000,  1.000000,  0.000000,  0.000000,  0.000000,  0.000000,  0.000000,  0.000000, 
				-34.008747,  0.560847,  128.022949, -0.090311, -0.905668,  0.414257,  0.443811,  0.335773,  0.830836, -0.891558,  0.258885,  0.371621,  0.704425,  0.809078,  2.000000,  0.629117,  1.000000,  0.370883,  0.000000,  0.000000,  0.000000,  0.000000, 
				-37.956135, -5.283632,  121.248856, -0.033272, -0.837614,  0.545248,  0.450018,  0.474563,  0.756488, -0.892399,  0.270541,  0.361151,  0.618162,  0.804560,  1.000000,  1.000000,  0.000000,  0.000000,  0.000000,  0.000000,  0.000000,  0.000000, 
				-32.413147, -2.666884,  117.052734,  0.857623, -0.510377, -0.063234,  0.423202,  0.630523,  0.650647, -0.292205, -0.584770,  0.756743,  0.618408,  0.753081,  1.000000,  1.000000,  0.000000,  0.000000,  0.000000,  0.000000,  0.000000,  0.000000, 
				-32.413147, -2.666884,  117.052734,  0.857623, -0.510377, -0.063234,  0.339810,  0.470083,  0.814586, -0.386021, -0.720096,  0.576585,  0.618408,  0.753081,  1.000000,  1.000000,  0.000000,  0.000000,  0.000000,  0.000000,  0.000000,  0.000000, 
				-29.851265,  2.237014,  126.426857,  0.827110, -0.526553, -0.196549,  0.448489,  0.407564,  0.795455, -0.338743, -0.746079,  0.573254,  0.711630,  0.763812,  2.000000,  0.597124,  1.000000,  0.402876,  0.000000,  0.000000,  0.000000,  0.000000, 
				-34.008747,  0.560847,  128.022949, -0.090311, -0.905668,  0.414257,  0.312775,  0.369118,  0.875171, -0.945524,  0.208607,  0.249935,  0.704425,  0.809078,  2.000000,  0.629117,  1.000000,  0.370883,  0.000000,  0.000000,  0.000000,  0.000000, 
				-29.851265,  2.237014,  126.426857,  0.827110, -0.526553, -0.196549,  0.457399,  0.427396,  0.779819, -0.326612, -0.734898,  0.594349,  0.711630,  0.763812,  2.000000,  0.597124,  1.000000,  0.402876,  0.000000,  0.000000,  0.000000,  0.000000, 
				-32.413147, -2.666884,  117.052734,  0.857623, -0.510377, -0.063234,  0.347198,  0.483895,  0.803305, -0.379390, -0.710888,  0.592201,  0.618408,  0.753081,  1.000000,  1.000000,  0.000000,  0.000000,  0.000000,  0.000000,  0.000000,  0.000000, 
				-32.455170,  4.972251,  117.084602,  0.652787,  0.551417, -0.519431,  0.199243,  0.536564,  0.820001,  0.730870, -0.638779,  0.240396,  0.644624,  0.700120,  1.000000,  0.984287,  2.000000,  0.015713,  0.000000,  0.000000,  0.000000,  0.000000, 
				-32.455170,  4.972251,  117.084602,  0.652787,  0.551417, -0.519431,  0.269612,  0.471670,  0.839546,  0.707940, -0.688089,  0.159231,  0.644624,  0.700120,  1.000000,  0.984287,  2.000000,  0.015713,  0.000000,  0.000000,  0.000000,  0.000000, 
				-29.882786,  7.130289,  126.439156,  0.681625,  0.592454, -0.429402,  0.200895,  0.412770,  0.888404,  0.703583, -0.691823,  0.162333,  0.721632,  0.722426,  2.000000,  0.512036,  1.000000,  0.487964,  0.000000,  0.000000,  0.000000,  0.000000, 
				-29.851265,  2.237014,  126.426857,  0.827110, -0.526553, -0.196549,  0.417251,  0.340971,  0.842402, -0.376552, -0.778769,  0.501725,  0.711630,  0.763812,  2.000000,  0.597124,  1.000000,  0.402876,  0.000000,  0.000000,  0.000000,  0.000000, 
				-29.882786,  7.130289,  126.439156,  0.681625,  0.592454, -0.429402,  0.418359,  0.165908,  0.893001,  0.600303, -0.788336, -0.134772,  0.710206,  0.939075,  2.000000,  0.512036,  1.000000,  0.487964,  0.000000,  0.000000,  0.000000,  0.000000, 
				-32.455170,  4.972251,  117.084602,  0.652787,  0.551417, -0.519431,  0.485346,  0.222036,  0.845659,  0.581643, -0.804139, -0.122686,  0.635577,  0.952055,  1.000000,  0.984287,  2.000000,  0.015713,  0.000000,  0.000000,  0.000000,  0.000000, 
				-38.024132,  7.076746,  121.300461, -0.451765,  0.875481, -0.171583,  0.346691,  0.349493,  0.870437,  0.822018,  0.333747, -0.461410,  0.657079,  0.901058,  1.000000,  0.783302,  2.000000,  0.216698,  0.000000,  0.000000,  0.000000,  0.000000, 
				-38.024132,  7.076746,  121.300461, -0.451765,  0.875481, -0.171583,  0.419793,  0.378314,  0.825017,  0.787199,  0.300684, -0.538429,  0.657079,  0.901058,  1.000000,  0.783302,  2.000000,  0.216698,  0.000000,  0.000000,  0.000000,  0.000000, 
				-34.059757,  8.478331,  128.042542, -0.370584,  0.928654,  0.016391,  0.504800,  0.186567,  0.842834,  0.779643,  0.320615, -0.537924,  0.713184,  0.900144,  2.000000,  0.563681,  1.000000,  0.436319,  0.000000,  0.000000,  0.000000,  0.000000, 
				-29.882786,  7.130289,  126.439156,  0.681625,  0.592454, -0.429402,  0.452137,  0.120369,  0.883789,  0.575291, -0.796561, -0.185824,  0.710206,  0.939075,  2.000000,  0.512036,  1.000000,  0.487964,  0.000000,  0.000000,  0.000000,  0.000000, 
				-36.609730,  4.418192,  129.021210, -0.837587, -0.001002,  0.546303,  0.536553,  0.186588,  0.822980, -0.102758,  0.982438, -0.155746,  0.707885,  0.856076,  2.000000,  0.677958,  1.000000,  0.322042,  0.000000,  0.000000,  0.000000,  0.000000, 
				-34.059757,  8.478331,  128.042542, -0.370584,  0.928654,  0.016391,  0.504076,  0.186269,  0.843334,  0.780112,  0.320788, -0.537140,  0.713184,  0.900144,  2.000000,  0.563681,  1.000000,  0.436319,  0.000000,  0.000000,  0.000000,  0.000000, 
				-38.024132,  7.076746,  121.300461, -0.451765,  0.875481, -0.171583,  0.418776,  0.377925,  0.825712,  0.787740,  0.301173, -0.537364,  0.657079,  0.901058,  1.000000,  0.783302,  2.000000,  0.216698,  0.000000,  0.000000,  0.000000,  0.000000, 
				-38.024132,  7.076746,  121.300461, -0.451765,  0.875481, -0.171583,  0.554417,  0.426188,  0.714833,  0.698949,  0.227808, -0.677918,  0.657079,  0.901058,  1.000000,  0.783302,  2.000000,  0.216698,  0.000000,  0.000000,  0.000000,  0.000000, 
				-41.423901,  0.738259,  123.874207, -0.870025,  0.000296,  0.493008,  0.455597,  0.382594,  0.803775, -0.188384,  0.923917, -0.333001,  0.646068,  0.849456,  1.000000,  0.999339,  2.000000,  0.000661,  0.000000,  0.000000,  0.000000,  0.000000, 
				-36.609730,  4.418192,  129.021210, -0.837587, -0.001002,  0.546303,  0.505033,  0.379870,  0.775010, -0.208301,  0.925039, -0.317668,  0.707885,  0.856076,  2.000000,  0.677958,  1.000000,  0.322042,  0.000000,  0.000000,  0.000000,  0.000000, 
				-34.008747,  0.560847,  128.022949, -0.090311, -0.905668,  0.414257,  0.653236,  0.260110,  0.711074, -0.751749,  0.334825,  0.568124,  0.704425,  0.809078,  2.000000,  0.629117,  1.000000,  0.370883,  0.000000,  0.000000,  0.000000,  0.000000, 
				-36.609730,  4.418192,  129.021210, -0.837587, -0.001002,  0.546303,  0.498521,  0.407599,  0.765075, -0.223439,  0.913160, -0.340900,  0.707885,  0.856076,  2.000000,  0.677958,  1.000000,  0.322042,  0.000000,  0.000000,  0.000000,  0.000000, 
				-41.423901,  0.738259,  123.874207, -0.870025,  0.000296,  0.493008,  0.449012,  0.413411,  0.792136, -0.203581,  0.910545, -0.359811,  0.646068,  0.849456,  1.000000,  0.999339,  2.000000,  0.000661,  0.000000,  0.000000,  0.000000,  0.000000, 
				-41.423901,  0.738259,  123.874207, -0.870025,  0.000296,  0.493008,  0.409117,  0.558436,  0.721646, -0.275100,  0.829548, -0.485974,  0.646068,  0.849456,  1.000000,  0.999339,  2.000000,  0.000661,  0.000000,  0.000000,  0.000000,  0.000000, 
				-37.956135, -5.283632,  121.248856, -0.033272, -0.837614,  0.545248,  0.456289,  0.472647,  0.753927, -0.889209,  0.273875,  0.366468,  0.618162,  0.804560,  1.000000,  1.000000,  0.000000,  0.000000,  0.000000,  0.000000,  0.000000,  0.000000, 
				-34.008747,  0.560847,  128.022949, -0.090311, -0.905668,  0.414257,  0.449213,  0.334196,  0.828566, -0.888848,  0.260918,  0.376656,  0.704425,  0.809078,  2.000000,  0.629117,  1.000000,  0.370883,  0.000000,  0.000000,  0.000000,  0.000000, 
				-37.956135, -5.283632,  121.248856, -0.033272, -0.837614,  0.545248,  0.321909,  0.507496,  0.799263, -0.946186,  0.202113,  0.252750,  0.618162,  0.804560,  1.000000,  1.000000,  0.000000,  0.000000,  0.000000,  0.000000,  0.000000,  0.000000, 
				-45.451107, -13.263464,  103.420609, -0.168823, -0.900892,  0.399866,  0.306754,  0.337518,  0.889935, -0.936697,  0.272902,  0.219371,  0.454830,  0.813665,  0.000000,  0.735948,  1.000000,  0.264052,  0.000000,  0.000000,  0.000000,  0.000000, 
				-41.756229, -12.333710,  101.738945,  0.848821, -0.519392, -0.098672,  0.324031,  0.363632,  0.873370, -0.417741, -0.773308,  0.476958,  0.454839,  0.778721,  0.000000,  0.724542,  1.000000,  0.275458,  0.000000,  0.000000,  0.000000,  0.000000, 
				-41.756229, -12.333710,  101.738945,  0.848821, -0.519392, -0.098672,  0.342475,  0.398013,  0.851056, -0.402759, -0.756187,  0.515720,  0.454839,  0.778721,  0.000000,  0.724542,  1.000000,  0.275458,  0.000000,  0.000000,  0.000000,  0.000000, 
				-32.413147, -2.666884,  117.052734,  0.857623, -0.510377, -0.063234,  0.311082,  0.416919,  0.854053, -0.409526, -0.752127,  0.516328,  0.618408,  0.753081,  1.000000,  1.000000,  0.000000,  0.000000,  0.000000,  0.000000,  0.000000,  0.000000, 
				-37.956135, -5.283632,  121.248856, -0.033272, -0.837614,  0.545248,  0.328384,  0.506100,  0.797513, -0.943958,  0.205586,  0.258220,  0.618162,  0.804560,  1.000000,  1.000000,  0.000000,  0.000000,  0.000000,  0.000000,  0.000000,  0.000000, 
				-32.413147, -2.666884,  117.052734,  0.857623, -0.510377, -0.063234,  0.321967,  0.436966,  0.839879, -0.401024, -0.740659,  0.539077,  0.618408,  0.753081,  1.000000,  1.000000,  0.000000,  0.000000,  0.000000,  0.000000,  0.000000,  0.000000, 
				-41.756229, -12.333710,  101.738945,  0.848821, -0.519392, -0.098672,  0.352602,  0.417105,  0.837673, -0.393924, -0.745826,  0.537186,  0.454839,  0.778721,  0.000000,  0.724542,  1.000000,  0.275458,  0.000000,  0.000000,  0.000000,  0.000000, 
				-41.812283, -8.358551,  100.145782,  0.680257,  0.554988, -0.478788,  0.389814,  0.279247,  0.877534,  0.620721, -0.783587, -0.026383,  0.455920,  0.742160,  0.000000,  0.611809,  1.000000,  0.388191,  0.000000,  0.000000,  0.000000,  0.000000, 
				-41.812283, -8.358551,  100.145782,  0.680257,  0.554988, -0.478788,  0.380350,  0.291106,  0.877833,  0.626565, -0.779259, -0.013062,  0.455920,  0.742160,  0.000000,  0.611809,  1.000000,  0.388191,  0.000000,  0.000000,  0.000000,  0.000000, 
				-32.455170,  4.972251,  117.084602,  0.652787,  0.551417, -0.519431,  0.412593,  0.316258,  0.854253,  0.635324, -0.771959, -0.021062,  0.644624,  0.700120,  1.000000,  0.984287,  2.000000,  0.015713,  0.000000,  0.000000,  0.000000,  0.000000, 
				-32.413147, -2.666884,  117.052734,  0.857623, -0.510377, -0.063234,  0.322565,  0.438070,  0.839075, -0.400544, -0.740007,  0.540329,  0.618408,  0.753081,  1.000000,  1.000000,  0.000000,  0.000000,  0.000000,  0.000000,  0.000000,  0.000000, 
				-32.455170,  4.972251,  117.084602,  0.652787,  0.551417, -0.519431,  0.134017,  0.590803,  0.795608,  0.745593, -0.588975,  0.311769,  0.635577,  0.952055,  1.000000,  0.984287,  2.000000,  0.015713,  0.000000,  0.000000,  0.000000,  0.000000, 
				-41.812283, -8.358551,  100.145782,  0.680257,  0.554988, -0.478788,  0.106095,  0.571780,  0.813518,  0.725254, -0.604199,  0.330076,  0.453066,  0.912600,  0.000000,  0.611809,  1.000000,  0.388191,  0.000000,  0.000000,  0.000000,  0.000000, 
				-45.541798, -6.831529,  100.842735, -0.394900,  0.899151, -0.188629,  0.357516,  0.339532,  0.870000,  0.846307,  0.276125, -0.455543,  0.459017,  0.881592,  0.000000,  0.500000,  1.000000,  0.500000,  0.000000,  0.000000,  0.000000,  0.000000, 
